export const ROAD_3D_PATHS = {
  hwy3265: [[126.0, -207.0], [121.5, -144.0], [97.2, -81.0], [74.7, -27.0], [44.1, 36.0], [8.1, 99.0], [-20.2, 144.0], [-41.4, 175.5]],
  northRoad: [[121.5, -137.2], [103.5, -128.2], [81.0, -119.2], [54.0, -114.8], [31.5, -114.8]],
  suanSomdejNorth: [[31.5, -114.8], [20.2, -128.2], [2.2, -144.0], [-31.5, -146.2], [-76.5, -144.9], [-121.5, -141.8], [-153.0, -128.2], [-166.5, -110.2], [-168.8, -85.5]],
  suanSomdejSouth: [[31.5, -114.8], [6.8, -99.0], [-18.0, -92.2], [-45.0, -90.0], [-67.5, -87.8], [-90.0, -87.8], [-108.0, -87.8]],
  spineEast: [[31.5, -114.8], [18.0, -81.0], [8.1, -36.0], [8.1, 9.0], [8.1, 49.5], [11.2, 67.5]],
  spineWest: [[-67.5, -87.8], [-74.2, -58.5], [-78.8, -18.0], [-78.8, 27.0], [-78.8, 63.0]],
  prasatThongLoop: [[-78.8, 27.0], [-99.0, 4.5], [-126.0, 9.0], [-135.0, 27.0], [-130.5, 49.5], [-108.0, 63.0], [-78.8, 63.0]],
  parkingWest: [[-135.0, 27.0], [-159.8, 31.5]],
  westRoad: [[-168.8, -85.5], [-166.5, -45.0], [-162.0, 4.5], [-159.8, 45.0], [-150.8, 99.0], [-144.0, 153.0], [-139.5, 175.5]],
  southCross: [[27.0, 54.0], [11.2, 67.5], [-18.0, 69.8], [-49.5, 69.8], [-78.8, 63.0], [-108.0, 63.0], [-150.8, 63.0]],
  ubosotFrontRoad: [[8.1, 99.0], [-13.5, 99.0]],
  ubosotSide: [[-18.0, 69.8], [-27.0, 90.0], [-31.5, 126.0], [-36.0, 162.0]],
  oldTempleRoad: [[8.1, 99.0], [27.0, 103.5], [49.5, 108.0], [72.0, 117.0], [87.8, 135.0]],
  oldTempleNorth: [[44.1, 36.0], [67.5, 49.5], [94.5, 72.0], [101.2, 108.0], [87.8, 135.0]],
  oldTempleLoop: [[49.5, 108.0], [58.5, 130.5], [76.5, 139.5], [87.8, 135.0]],
  oldTempleRiverfront: [[101.2, 81.0], [99.0, 117.0], [87.8, 144.0], [72.0, 171.0]],
  riverPath: [[234.0, -207.0], [220.5, -144.0], [198.0, -81.0], [164.2, -18.0], [126.0, 45.0], [96.8, 99.0], [67.5, 144.0], [49.5, 175.5]],
};
